cameraMatrix : [1200.519735408138, 0, 480.7771993705171;
 0, 1558.097245459679, 436.7366778666657;
 0, 0, 1]
distCoeffs : [0.1698775764373707, -1.939455961589091, -0.01380678912810106, -0.01591859339568007, 6.499311706827983]
Image 1
Rotation Matrix:
[-0.9975693596122517, -0.03618817062608473, -0.0595465286103176;
 -0.00971526292677624, -0.773984154895543, 0.6331304301934126;
 -0.06899990165982559, 0.6321700279808982, 0.7717513001567052]
Translation Vector:
[9.499115091755771;
 -0.06816793864333212;
 40.64450209884443]
------------------------
Image 2
Rotation Matrix:
[-0.9975795572905051, -0.03606935400571863, -0.05944769615123786;
 -0.009742741196850563, -0.7740011893979794, 0.6331091831623392;
 -0.06884842677978155, 0.6321559621739903, 0.7717763494807449]
Translation Vector:
[9.501197850850444;
 -0.06970737823418165;
 40.64136733396464]
------------------------
Image 3
Rotation Matrix:
[-0.9975808618265519, -0.03606903430784326, -0.05942599499792589;
 -0.009731035625028351, -0.7739844808951886, 0.6331297894421569;
 -0.06883117798685648, 0.6321764374741478, 0.7717611164339888]
Translation Vector:
[9.502108799238929;
 -0.07021139156226244;
 40.63909010012487]
------------------------
Image 4
Rotation Matrix:
[-0.9975801108020088, -0.03607014521294643, -0.05943792692018102;
 -0.00973658322344226, -0.7739951740631991, 0.633116631809662;
 -0.06884127743864726, 0.6321632820333646, 0.7717709915314391]
Translation Vector:
[9.502468556754263;
 -0.07026465437282702;
 40.63998205421868]
------------------------
Image 5
Rotation Matrix:
[-0.9975829792424121, -0.03602343369991845, -0.05941810961567785;
 -0.009758468827269193, -0.7740110684733326, 0.633096863178864;
 -0.06879659738664656, 0.6321464846894569, 0.7717887340994182]
Translation Vector:
[9.502210617939658;
 -0.07010391527792208;
 40.63971515521684]
------------------------
Image 6
Rotation Matrix:
[-0.9975800048957875, -0.03605097859355154, -0.05945133114210231;
 -0.009752934510656329, -0.774059508615232, 0.6330377219335167;
 -0.068840497532713, 0.632085598684856, 0.7718346855607461]
Translation Vector:
[9.503079490561063;
 -0.07017191456905519;
 40.64259546354051]
------------------------
Image 7
Rotation Matrix:
[-0.9975826561662472, -0.03601263181281079, -0.05943008048295147;
 -0.009778760816742085, -0.7739713238131161, 0.633145137983276;
 -0.06879840080397299, 0.632195761030464, 0.7717482100931162]
Translation Vector:
[9.503237425292122;
 -0.07037097605878107;
 40.64436227682325]
------------------------
Image 8
Rotation Matrix:
[-0.9975832642889342, -0.03598066570932637, -0.05943923372443708;
 -0.00979887098353288, -0.7740675042579569, 0.6330272355746677;
 -0.06878672065219152, 0.6320798134310029, 0.7718442177764535]
Translation Vector:
[9.504174495012222;
 -0.07073523796529313;
 40.64371109557485]
------------------------
Image 9
Rotation Matrix:
[-0.997582120594149, -0.03602393679021043, -0.05943221894743417;
 -0.009762997937916762, -0.7740481398411783, 0.6330514679547595;
 -0.06880840458944723, 0.6321010624785776, 0.7718248831641205]
Translation Vector:
[9.50409352951967;
 -0.07207029320223375;
 40.64228046232699]
------------------------
Image 10
Rotation Matrix:
[-0.9975821142864608, -0.03602003544376176, -0.05943468938578526;
 -0.009765706285204767, -0.7740654316702307, 0.6330302824304148;
 -0.06880811170571201, 0.6320801092739825, 0.7718420688351245]
Translation Vector:
[9.504207476047368;
 -0.07215512255656582;
 40.63995216570515]
------------------------
