cameraMatrix : [765.8612027530678, 0, 402.0196221703171;
 0, 767.1619938097825, 279.5116443643315;
 0, 0, 1]
distCoeffs : [-0.04830783357836999, 0.4889041789053632, -0.008084316892566027, -0.002450386963295632, -1.233424693883329]
Image 1
Rotation Matrix:
[0.9973462133700923, -0.05998131196218417, 0.04126466880557056;
 0.04461052121747868, 0.9513981729284345, 0.3047153063847327;
 -0.05753635436003196, -0.3020658185954375, 0.9515491627673397]
Translation Vector:
[-112.8306679579372;
 -83.81239026725483;
 303.2782723043929]
------------------------
Image 2
Rotation Matrix:
[0.9835924726635458, -0.08449337997806647, 0.159394844519809;
 0.01901785833294566, 0.927180283386917, 0.3741323872147186;
 -0.1793994670673244, -0.3649624512719606, 0.9135744306719193]
Translation Vector:
[-107.8537240323376;
 -81.47798274130351;
 355.4797212469012]
------------------------
Image 3
Rotation Matrix:
[0.9800568400206163, -0.09487583806266076, -0.1746057435501816;
 0.1573598798348381, 0.9071169757420185, 0.3903545318540818;
 0.1213526206852136, -0.4100455678001676, 0.9039558472515506]
Translation Vector:
[-86.69607766938508;
 -86.64423507216623;
 298.1717176507634]
------------------------
Image 4
Rotation Matrix:
[0.9896403828484197, -0.1421489311922913, 0.02013936435249592;
 0.1160536843187315, 0.8746477844995825, 0.4706620819930369;
 -0.08451896232018918, -0.4634489555828789, 0.8820836754965241]
Translation Vector:
[-91.20559972731509;
 -85.48445240235137;
 361.1055220496919]
------------------------
Image 5
Rotation Matrix:
[0.9623091025763075, 0.06468652531034431, -0.2641530702870131;
 0.0858609022436639, 0.8493593868981105, 0.5207845402409422;
 0.2580486321697627, -0.5238361245001529, 0.8117922259445298]
Translation Vector:
[-109.68766343793;
 -79.15455816006977;
 335.5476259396691]
------------------------
Image 6
Rotation Matrix:
[0.9711399267622972, -0.1269265706778606, 0.2019328806907833;
 0.01464035586149232, 0.8767678651975284, 0.4806909303671307;
 -0.2380607120638955, -0.4638617856785864, 0.8533225305584661]
Translation Vector:
[-94.01197883933949;
 -84.91275612326768;
 407.114479280791]
------------------------
Image 7
Rotation Matrix:
[0.994468751479149, -0.1040146142981457, 0.01458980273720787;
 0.07731702716907217, 0.8189726813795242, 0.5685998808158241;
 -0.07109134716151903, -0.5643267733914814, 0.8224848407066966]
Translation Vector:
[-82.7880703508673;
 -97.37482618408042;
 415.3721354933893]
------------------------
Image 8
Rotation Matrix:
[0.9657175933168153, -0.1073129875044035, 0.2363756600651978;
 -0.02292860652229829, 0.8717366347985627, 0.4894379619042876;
 -0.25858037234354, -0.4780786151491792, 0.8393908676985468]
Translation Vector:
[-130.1026872030974;
 -55.72740235242818;
 412.4188894426962]
------------------------
Image 9
Rotation Matrix:
[0.9975799575992158, -0.04538304818425903, -0.05267453971181849;
 0.06671870516271575, 0.8380282419326708, 0.5415323444676666;
 0.01956636342699702, -0.5437361903172734, 0.83902807626533]
Translation Vector:
[-102.8113626592251;
 -83.28324498423056;
 374.4741640422027]
------------------------
Image 10
Rotation Matrix:
[0.9990165944629095, -0.03713861024369257, -0.02421915805509824;
 0.04375623854821736, 0.9140126104519893, 0.4033191534292062;
 0.007157903033866342, -0.4039822663978051, 0.9147388112790725]
Translation Vector:
[-104.4364266010666;
 -79.09191489000948;
 312.3995517171067]
------------------------
Image 11
Rotation Matrix:
[0.9363111991808957, 0.003877231969948061, 0.3511499755954489;
 -0.138205251660223, 0.9233134840893056, 0.3583176223860642;
 -0.3228322268639976, -0.3840275734515933, 0.8650446093277002]
Translation Vector:
[-113.9889743958935;
 -65.75859894663171;
 398.8484460462395]
------------------------
Image 12
Rotation Matrix:
[0.969968399900605, 0.1444845566885081, -0.1956668497032268;
 -0.02360469437020191, 0.8565681062228698, 0.5154938387657564;
 0.2420828816706155, -0.4953940777606163, 0.834254509200735]
Translation Vector:
[-89.41058621634794;
 -104.3950857810567;
 350.6166022109924]
------------------------
Image 13
Rotation Matrix:
[0.9980307745404589, -0.06267153566361881, -0.002617572871109005;
 0.0537851414448371, 0.8335529817889437, 0.5498150462751268;
 -0.03227586760926308, -0.5488731230150778, 0.8352823254455614]
Translation Vector:
[-124.4648489696011;
 -117.4050907431565;
 406.0551150580124]
------------------------
Image 14
Rotation Matrix:
[0.9786215170547941, -0.1061400501987348, 0.1761653090173641;
 0.0009563117780445746, 0.8588848315888388, 0.5121678743677656;
 -0.2056672356627484, -0.5010500332406158, 0.840624679844948]
Translation Vector:
[-118.3992551868346;
 -117.7241179535305;
 431.4778318694749]
------------------------
Image 15
Rotation Matrix:
[0.9740755847902154, 0.08022735031319841, -0.2115190945927185;
 0.05595919787379678, 0.8204958202833177, 0.5689070021285789;
 0.2191924343788382, -0.565994859658044, 0.7947354877893335]
Translation Vector:
[-83.94388573797696;
 -112.1180466068464;
 385.4915696109306]
------------------------
